# z_source N_kappa omega2_kappa A_kappa
0.001 1.0 1.0 1.0
0.011019038076152305 1.0 1.0 1.0
0.021038076152304613 0.8147479111879472 0.6790973618650173 1.7870531925973994
0.031057114228456917 0.8006805738191136 1.8122990861756931 4.0233428951560075
0.041076152304609224 0.7950210329092636 1.6442729115262964 3.7537804061061344
0.05109519038076153 0.7960035439467009 1.530138251776578 3.5902605838818165
0.06111422845691383 0.8001384062453996 1.4296052858209465 3.457003392538565
0.07113326653306615 0.8052077278643757 1.3568393647194021 3.366796077308421
0.08115230460921845 0.811762310120615 1.286955739822121 3.2840990047942316
0.09117134268537075 0.8184892059223536 1.2298397558867071 3.2196729184142163
0.10119038076152306 0.8252246971047996 1.181510793439687 3.1673560993922765
0.11120941883767536 0.8324911963307349 1.1359314605077415 3.119553091157916
0.12122845691382766 0.8397668956402528 1.0954621207080733 3.078539791184035
0.13124749498997998 0.8471062682109995 1.0586544512736205 3.04237869158376
0.1412665330661323 0.8544769850567053 1.0249493555607996 3.010235713106939
0.15128557114228458 0.8618577365050368 0.9939028624784829 2.981468186280778
0.1613046092184369 0.8692341389451397 0.9651586217245254 2.9555732865897912
0.1713236472945892 0.8765964708185169 0.9384264698529159 2.9321508496625857
0.1813426853707415 0.8839382034992154 0.913467124915325 2.9108776392701623
0.1913617234468938 0.8912550619878259 0.8900809054021074 2.8914889632755703
0.20138076152304613 0.8985442771503551 0.8680997677556432 2.873765801982408
0.2113997995991984 0.9058042148429345 0.8473807671140007 2.857524775030433
0.22141883767535073 0.9130340079148541 0.8278014529046438 2.8426110227596744
0.23143787575150304 0.9202333472392119 0.8092561149795694 2.828892616765621
0.24145691382765533 0.9274023129230076 0.7916528991537507 2.816256306649081
0.25147595190380767 0.934541259605975 0.7749114990920969 2.8046041883522745
0.26149498997995996 0.9416507307128145 0.7589613120106645 2.793851078570265
0.27151402805611224 0.9487313974260222 0.743739942817301 2.7839224176232342
0.2815330661322646 0.9557840137189568 0.7291919859119137 2.7747525869027796
0.2915521042084169 0.9628093829655262 0.7152680244633588 2.766283541549239
0.30157114228456916 0.9698083326755781 0.7019238033631652 2.758463695704443
0.3115901803607215 0.9767817003061859 0.6891195313842955 2.7512469967406736
0.3216092184368738 0.9838764807152468 0.6765467172204179 2.744369755194509
0.3316282565130261 0.9906549899881884 0.6649906536843103 2.7384620843969483
0.3416472945891784 0.9975565184166126 0.6536040445362301 2.7328232009292073
0.3516663326653307 1.0044356704719575 0.6426326021067349 2.727645128857
0.361685370741483 1.011293186386858 0.6320517750152361 2.722900243420574
0.37170440881763533 1.018129778117714 0.6218390769048328 2.7185633545714447
0.3817234468937876 1.0249461222049614 0.611973872638256 2.7146114369065026
0.3917424849699399 1.0317428593606226 0.6024371794400236 2.7110233996130373
0.40176152304609225 1.0385205990262862 0.5932114931470513 2.7077798415105927
0.41178056112224454 1.0452799311839243 0.5842806167613028 2.7048628762744364
0.4217995991983968 1.0520214249058588 0.5756295382516124 2.702255962753055
0.43181863727454917 1.0587456109934281 0.5672443439695761 2.6999438107757516
0.44183767535070145 1.065452985259673 0.5591121122348106 2.697912255168163
0.45185671342685374 1.07214400987664 0.5512208212725465 2.696148141055179
0.4618757515030061 1.0788191240726976 0.5435592552184457 2.6946392171773774
0.47189478957915837 1.0854787531051426 0.5361169231510886 2.693374039042958
0.48191382765531066 1.092123302751189 0.5288840055260127 2.6923419033382325
0.491932865731463 1.0987531604476994 0.5218512989293841 2.6915327906067374
0.5019519038076153 1.1053686877140454 0.5150101755959898 2.690937312914264
0.5119709418837676 1.1119702185228628 0.5083525409734956 2.690546672279852
0.5219899799599199 1.1185580676190474 0.501870782048927 2.6903525969182898
0.5320090180360723 1.1251325317207876 0.4955577299072697 2.690347299463119
0.5420280561122245 1.1316938923234665 0.4894066238389775 2.690523436007509
0.5520470941883768 1.1382424228743582 0.4834110738161154 2.6908740618822655
0.5620661322645292 1.144778383310416 0.4775650407414396 2.6913926114941584
0.5720851703406814 1.1513020187019811 0.4718628136790684 2.692072873479403
0.5821042084168337 1.1578135614809661 0.4662989850939422 2.69290896267936
0.5921232464929861 1.164313231659291 0.46086843046399395 2.6938952981415034
0.6021422845691383 1.1708012314336518 0.4555662950620653 2.695026589116674
0.6121613226452907 1.1772777526937475 0.45038796917593604 2.6962978081649625
0.622180360721443 1.1837429762758105 0.4453290730042946 2.6977041727348867
0.6321993987975952 1.1901970727253395 0.4403854417541905 2.699241129949831
0.6422184368737476 1.196640203223788 0.43555311155646326 2.700904341024649
0.6522374749498999 1.2030725213841638 0.4308283057033542 2.7026896660257536
0.6622565130260522 1.2094941770803378 0.4262074200193717 2.7045931464573205
0.6722755511022045 1.2159053140072669 0.42168701521566104 2.7066109988190927
0.6822945891783568 1.2223060690989411 0.4172638078920486 2.708739604601905
0.6923136272545091 1.2286965731809896 0.41293466116558214 2.710975500146305
0.7023326653306614 1.235076951943191 0.4086965757827074 2.7133153679436393
0.7123517034068138 1.2414473230654195 0.4045466848163407 2.7157560304622694
0.722370741482966 1.2478077956069258 0.40048224710441627 2.7182944449886017
0.7323897795591183 1.2541584724884922 0.3965006383547152 2.720927692661725
0.7424088176352707 1.2604994507657117 0.39259934477948083 2.7236529720688694
0.7524278557114229 1.2668308220766464 0.3887759569497046 2.726467592416331
0.7624468937875752 1.2731526738968748 0.38502816347465013 2.7293689666781935
0.7724659318637276 1.2794650895909003 0.38135374600638333 2.7323546064123816
0.7824849699398798 1.2857681476542617 0.3777505751692261 2.7354221179690383
0.7925040080160322 1.2920619236786954 0.37421660463578194 2.7385691949627327
0.8025230460921845 1.298346490969796 0.3707498668022698 2.741793615124766
0.8125420841683367 1.3046219207485314 0.36734846868282184 2.7450932339835594
0.8225611222444891 1.3108882829106463 0.36401058798868086 2.7484659819796264
0.8325801603206414 1.3171456453836643 0.3607344703020808 2.751909862027299
0.8425991983967936 1.3233940730513771 0.3575184264937421 2.7554229454163193
0.852618236472946 1.3296336284550438 0.35436082950559855 2.759003371070842
0.8626372745490983 1.3358643718465804 0.3512601112444503 2.7626493395902805
0.8726563126252506 1.3420863601690096 0.34821476073754765 2.7663591133384315
0.8826753507014029 1.348299646279662 0.34522332206623346 2.7701310146761937
0.8926943887775552 1.3545042804084741 0.34228439089895163 2.773963420677985
0.9027134268537075 1.3607003115056913 0.33939661151957995 2.777854761151865
0.9127324649298598 1.3668877878861636 0.3365586742449284 2.781803514489987
0.9227515030060122 1.373066755642085 0.33376931450121566 2.7858082080415683
0.9327705410821644 1.3792372592623128 0.33102731052125667 2.7898674152760634
0.9427895791583167 1.3853993418350226 0.3283314814520645 2.7939797540065046
0.9528086172344691 1.3915530446207378 0.3256806858594303 2.798143884377865
0.9628276553106213 1.3976984072298664 0.32307382007072205 2.802358507938323
0.9728466933867737 1.4038354681919785 0.3205098162866644 2.806622365127977
0.982865731462926 1.4099642644529629 0.3179876414203646 2.8109342342745323
0.9928847695390783 1.416084832050461 0.31550629532092944 2.8152929293681304
1.0029038076152306 1.4221972051515348 0.3130648100501642 2.81969730023823
1.0129228456913828 1.4283014155834437 0.310662248785156 2.8241462307692045
1.022941883767535 1.4343974933691865 0.30829770432861303 2.828638637346824
1.0329609218436875 1.4404854684134272 0.3059702972397723 2.8331734682692105
1.0429799599198397 1.4465653695633511 0.3036791749463887 2.8377496991915008
1.052998997995992 1.4526372265371685 0.30142351006364076 2.842366334592059
1.0630180360721444 1.4587010699945244 0.2992024992784928 2.8470224046166286
1.0730370741482966 1.4647569289611269 0.297015363785781 2.851716966929011
1.0830561122244489 1.4708048310931778 0.2948613482347613 2.8564491054062167
1.0930751503006013 1.4768448042160285 0.29273971915952873 2.861217928446479
1.1030941883767535 1.4828768770114318 0.29064976379907104 2.8660225666659174
1.1131132264529058 1.4889010783151282 0.2885907897583135 2.8708621734942614
1.1231322645290582 1.4949174342725768 0.28656211915988283 2.8757358451023434
1.1331513026052105 1.5009259801397077 0.28456311461561334 2.8806430172496533
1.1431703406813627 1.5069267343058557 0.2825931262753458 2.885582671195661
1.1531893787575151 1.5129197251612374 0.28065154301497236 2.890554125683975
1.1632084168336674 1.5189049793689593 0.2787377651444462 2.895556638713371
1.1732274549098196 1.5248825224199496 0.27685120995103735 2.9005894877258043
1.183246492985972 1.530852377279465 0.2749913117016665 2.9056519701020855
1.1932655310621243 1.5368145647724767 0.27315752087284073 2.9107434021039227
1.2032845691382765 1.5427691053216495 0.2713493028946933 2.9158631175699417
1.213303607214429 1.5487160196502079 0.26956613743535096 2.9210104680186757
1.2233226452905812 1.5546553261937468 0.2678075184142207 2.9261848150231313
1.2333416833667334 1.56058704559009 0.2660729526327836 2.9313855410970846
1.243360721442886 1.5665111964940992 0.26436196026199993 2.936612039819987
1.2533797595190381 1.572427803637189 0.2626740728507447 2.9418637357705255
1.2633987975951904 1.578336880259869 0.26100883623503246 2.9471400382534587
1.2734178356713428 1.584238447028438 0.25936580627782746 2.9524403854099748
1.283436873747495 1.5901325300605484 0.2577445488001278 2.9577642367146413
1.2934559118236473 1.5960191504089587 0.25614464151552485 2.9631110501328
1.3034749498997997 1.6018983300703291 0.25456567268754376 2.968480299541586
1.313493987975952 1.6077700895023945 0.25300724127595725 2.9738714687586
1.3235130260521042 1.6136344516080903 0.2514689558834881 2.97928406085653
1.3335320641282566 1.6194914364946138 0.24995043560842525 2.984717588366439
1.3435511022044089 1.6253410601808318 0.2484513098711091 2.9901715685909864
1.353570140280561 1.6311833438223695 0.2469712163168751 2.9956455438652707
1.3635891783567136 1.6370183036857477 0.24550980228314048 3.001139054993271
1.3736082164328658 1.6428459568308753 0.24406672375988192 3.0066516600759283
1.383627254509018 1.64866631915032 0.24264164526444087 3.0121829254463592
1.3936462925851705 1.6544794061485613 0.2412342394262523 3.0177324269292467
1.4036653306613227 1.6602852333886016 0.23984418663176418 3.0232997499728897
1.413684368737475 1.6660838161588079 0.2384711749013921 3.028884489420299
1.4237034068136274 1.6718751704069394 0.23711489932901347 3.034486248229685
1.4337224448897796 1.6776593142361167 0.23577506146932692 3.0401046377576684
1.4437414829659319 1.6834362664436775 0.23445136941908787 3.0457392742862757
1.4537605210420843 1.6892060474569872 0.23314353777569974 3.0513897867976993
1.4637795591182365 1.6949686763169598 0.23185128787553233 3.057055807806986
1.4737985971943888 1.7007241727899067 0.23057434727572573 3.062736978787433
1.4838176352705412 1.7064725571406874 0.22931244963656014 3.0684329497487037
1.4938366733466935 1.7122138492792764 0.22806533468515525 3.0741433769097917
1.5038557114228457 1.717948069026131 0.22683274804232004 3.079867923951883
1.5138747494989981 1.7236752360242642 0.2256144411345198 3.0856062628005856
1.5238937875751504 1.7293953685244314 0.22441017122674914 3.091358070826575
1.5339128256513026 1.735108483168974 0.22321970164119437 3.097123037018287
1.543931863727455 1.7408145929527519 0.2220428017136184 3.102900853752254
1.5539509018036073 1.7465137114970652 0.22087924579556778 3.1086912226696635
1.5639699398797595 1.752205852322406 0.21972881312661258 3.11449385091275
1.573988977955912 1.757891028997438 0.21859128766626043 3.120308450935979
1.5840080160320642 1.763569255500627 0.21746645792330455 3.1261347414006515
1.5940270541082164 1.7692405458973224 0.2163541168604977 3.1319724457563485
1.6040460921843689 1.7749049150145715 0.2152540617183479 3.1378212944244943
1.6140651302605211 1.7805623773342292 0.2141660940315441 3.1436810215241002
1.6240841683366734 1.7862129474692945 0.21309001948863865 3.1495513666398205
1.6341032064128258 1.791856640118006 0.2120256478521216 3.1554320749957836
1.644122244488978 1.7974934713045971 0.21097279251017753 3.1613228965217743
1.6541412825651303 1.8031234585555245 0.20993127026554473 3.1672235840623832
1.6641603206412827 1.8087466184909624 0.2089009017072675 3.173133890447528
1.674179358717435 1.8143629743714738 0.207881510419383 3.1790535924678456
1.6841983967935872 1.8199725396205226 0.20687292471698634 3.184982444752349
1.6942174348697396 1.8255753362310727 0.20587497547293268 3.1909202300019537
1.7042364729458919 1.8311713781035093 0.20488749791259722 3.196866713876881
1.714255511022044 1.8367606826324616 0.20391033022114077 3.202821676200956
1.7242745490981966 1.8423432733252139 0.20294331317243006 3.208784917385248
1.7342935871743488 1.8479191634773875 0.2019862918154235 3.2147562140963917
1.744312625250501 1.853488371621613 0.2010391137305576 3.2207353612710015
1.7543316633266535 1.859050915845819 0.20010162960359026 3.2267221574066847
1.7643507014028057 1.8646068130628042 0.19917369328431017 3.2327164038291047
1.774369739478958 1.8701560794149121 0.1982551616916397 3.238717906312601
1.7843887775551104 1.8756987310016875 0.19734589453768922 3.2447264740941297
1.7944078156312626 1.8812347801225715 0.19644575483902169 3.2507419142422167
1.8044268537074148 1.8867642467058912 0.19555460764009022 3.2567640614731577
1.8144458917835673 1.8922871400295067 0.19467232161015458 3.262792724340916
1.8244649298597195 1.8978034735506146 0.19379876750665181 3.2688277259106293
1.8344839679358718 1.9033132612619932 0.1929338184813387 3.2748688937074752
1.8445030060120242 1.9088165199614777 0.19207734985434724 3.2809160668991915
1.8545220440881764 1.9143132596681078 0.19122923996590016 3.2869690697612763
1.8645410821643287 1.9198034952864775 0.19038936901037057 3.2930277438939513
1.8745601202404811 1.9252872391716291 0.1895576196999333 3.299091927833826
1.8845791583166334 1.930764503683823 0.18873387702407202 3.3051614655177546
1.8945981963927856 1.9362353008091553 0.18791802815372383 3.311236203213395
1.904617234468938 1.9416996425020212 0.18710996233456093 3.3173159897809197
1.9146362725450903 1.9471575401668304 0.18630957088334438 3.323400675133732
1.9246553106212425 1.952609008769247 0.18551674672358187 3.3294901200490785
1.934674348697395 1.9580540597407057 0.1847313848478305 3.3355841735252545
1.9446933867735472 1.9634927087182226 0.18395338172066272 3.3416826969920645
1.9547124248496996 1.9689249700367537 0.18318263578464447 3.3477855507157406
1.9647314629258519 1.9743508587910588 0.1824190472199864 3.353892598888313
1.974750501002004 1.979770389785326 0.18166251799338873 3.3600037066461472
1.9847695390781566 1.9851835776157252 0.18091295183290507 3.366118740804088
1.9947885771543088 1.990590439249456 0.18017025394659575 3.3722375760947148
2.0048076152304612 1.995990989285531 0.17943433131348938 3.3783600803691036
2.0148266533066135 2.001385244513304 0.17870509233700532 3.384486128727429
2.0248456913827657 2.006773222487947 0.17798244694102752 3.390615599817866
2.034864729458918 2.0121549391084774 0.17726630676980432 3.396748370158839
2.04488376753507 2.017530411420975 0.17655658490588078 3.402884321241837
2.0549028056112224 2.022899656326355 0.17585319592767812 3.4090233355262143
2.064921843687375 2.028262690937008 0.17515605589521457 3.41516529870613
2.0749408817635273 2.0336195308215497 0.17446508254888157 3.4213100972445423
2.0849599198396795 2.0389701912788096 0.1737801951298813 3.4274576208330783
2.0949789579158318 2.044314687632826 0.17310131424612865 3.4336077608907147
2.104997995991984 2.049653035152769 0.17242836185808819 3.4397604105591886
2.1150170340681362 2.0549852475724695 0.1717612613659477 3.44591546065739
2.125036072144289 2.0603113444533006 0.17109993705467627 3.452072820923757
2.135055110220441 2.0656313363584493 0.1704443151301095 3.4582323772089176
2.1450741482965934 2.0709452402245283 0.16979432253939136 3.4643940343252093
2.1550931863727456 2.0762530705939595 0.16914988769763678 3.4705576942939356
2.165112224448898 2.0815548403629625 0.16851094051569732 3.4767232617850405
2.17513126252505 2.0868505621229203 0.16787741210985954 3.48289064312436
2.1851503006012027 2.0921402486188896 0.16724923470743175 3.489059746472817
2.195169338677355 2.09742391246738 0.1666263416415832 3.4952304809049033
2.205188376753507 2.1027015658525836 0.16600866735634312 3.5014027557143046
2.2152074148296594 2.1079732225178933 0.16539614724917967 3.5075764861148406
2.2252264529058117 2.113238894026204 0.16478871789532687 3.5137515821594563
2.235245490981964 2.1184985974167385 0.16418631653166635 3.5199279713515215
2.2452645290581166 2.1237523399223286 0.16358888207433675 3.526105555092351
2.255283567134269 2.129000135448678 0.16299635399474555 3.532284256114723
2.265302605210421 2.134241995794635 0.1624086729021426 3.5384639936367326
2.2753216432865733 2.1394779357917137 0.16182578019000973 3.544644698216488
2.2853406813627255 2.144707963812544 0.16124761858754896 3.5508262830994273
2.2953597194388777 2.1499320916921136 0.1606741314919569 3.5570086724859356
2.3053787575150304 2.155150329548801 0.16010526329056846 3.56319178688128
2.3153977955911826 2.1603626943086147 0.15954095881430067 3.569375567758995
2.325416833667335 2.1655691933030394 0.1589811642498957 3.5755599270395098
2.335435871743487 2.170769845467629 0.15842582583063988 3.581744809141059
2.3454549098196393 2.175964658463566 0.15787489129574936 3.5879301265192622
2.3554739478957916 2.181153648008803 0.15732830870025033 3.5941158162649733
2.3654929859719442 2.1863368274182897 0.15678602701962638 3.6003018089404333
2.3755120240480965 2.1915142111936308 0.15624799586950308 3.6064880374217227
2.3855310621242487 2.196685813899765 0.1557141655985777 3.612674434852164
2.395550100200401 2.2018516532033368 0.1551844871203289 3.618860944252391
2.405569138276553 2.2070117393859605 0.15465891251685132 3.625047487975578
2.4155881763527054 2.212166086883549 0.1541373943540866 3.6312340017024045
2.425607214428858 2.2173147162296747 0.15361988556550876 3.637420439987586
2.4356262525050103 2.2224576360443646 0.15310634047094138 3.643606723751747
2.4456452905811625 2.2275948652981863 0.1525967135153393 3.6497928061452996
2.4556643286573148 2.232726414812616 0.1520909602718774 3.6559786172492084
2.465683366733467 2.2378523002039774 0.15158903671125545 3.662164102252324
2.4757024048096192 2.2429725372374194 0.15109089944355858 3.6683492082743014
2.485721442885772 2.2480871375493816 0.1505965059288351 3.674533869753065
2.495740480961924 2.25319611858328 0.15010581395943998 3.680718040643196
2.5057595190380764 2.2582994921580686 0.14961878233889148 3.686901662339397
2.5157785571142286 2.2633972709374635 0.14913537044376138 3.6930846803224564
2.525797595190381 2.268489467350191 0.14865553829842346 3.699267041953347
2.535816633266533 2.2735760939363585 0.1481792465708045 3.705448698429783
2.5458356713426857 2.2786571627383334 0.14770645652835465 3.7116296005731333
2.555854709418838 2.283732684018895 0.14723713008729059 3.7178096951446284
2.56587374749499 2.2888026704012767 0.1467712295844227 3.7239889367661436
2.5758927855711424 2.2938671326043614 0.14630871798885708 3.7301672746561274
2.5859118236472947 2.29892608235875 0.14584955873262617 3.7363446621013803
2.5959308617234473 2.303979531442184 0.14539371575532442 3.7425210529260142
2.6059498997995996 2.3090274915343176 0.14494115350540862 3.7486964013491093
2.615968937875752 2.3140699749760008 0.1444918368957865 3.7548706642713254
2.625987975951904 2.3191069923851857 0.14404573141430652 3.7610437942955803
2.6360070140280563 2.3241385563088417 0.14360280292738595 3.7672157501593584
2.6460260521042085 2.3291646780592474 0.14316301781470417 3.7733864870346387
2.656045090180361 2.3341853702098967 0.14272634285485833 3.779555964356169
2.6660641282565134 2.339200644482953 0.1422927453041108 3.7857241387742357
2.6760831663326656 2.34421051364306 0.1418621927751152 3.791890969147457
2.686102204408818 2.349214990167663 0.1414346533718039 3.798056415517243
2.69612124248497 2.354214086024154 0.14101009568713457 3.8042204381875884
2.7061402805611223 2.359207813213842 0.14058848873588986 3.810382998085951
2.716159318637275 2.3641961837128544 0.14016980195529893 3.8165440567695748
2.7261783567134272 2.3691792113064354 0.13975400511737854 3.8227035819444346
2.7361973947895795 2.3741569047843893 0.13934106863009538 3.828861527286865
2.7462164328657317 2.3791292772031656 0.13893096310384767 3.8350178596161113
2.756235470941884 2.384096340559248 0.13852365958975532 3.841172543254697
2.766254509018036 2.3890581041710917 0.13811912964437148 3.8473255351168367
2.776273547094189 2.394014586182312 0.13771734481965667 3.853476819480234
2.786292585170341 2.398965792836068 0.13731827758017784 3.8596263459935947
2.7963116232464933 2.403911737301514 0.1369219004475394 3.8657740855488676
2.8063306613226455 2.408852431189462 0.1365281863734617 3.8719200049559963
2.8163496993987978 2.4137878873534064 0.13613710863808035 3.8780640763616137
2.82636873747495 2.4187181136484734 0.1357486411156824 3.88420625890157
2.8363877755511027 2.4236431223391204 0.1353627578314469 3.890346525302616
2.846406813627255 2.428562924277139 0.13497943320727668 3.8964848446267117
2.856425851703407 2.433477530396932 0.13459864198490504 3.9026211864051987
2.8664448897795594 2.438386951614227 0.13422035923302214 3.9087555206577895
2.8764639278557116 2.4432911988322914 0.133844560343924 3.9148878180688147
2.886482965931864 2.448190282986664 0.13347122101120026 3.9210180491696502
2.8965020040080165 2.4530842157252413 0.13310031716442833 3.9271461854378087
2.9065210420841687 2.457973008518254 0.13273182505632886 3.933272198611926
2.916540080160321 2.4628566729692825 0.13236572123446919 3.939396061232906
2.926559118236473 2.4677352205093928 0.13200198253472373 3.945517745160877
2.9365781563126254 2.472608663020017 0.13164058606096915 3.95163722375185
2.9465971943887777 2.477477012256887 0.13128150921006598 3.9577544704321648
2.9566162324649303 2.4823402799828043 0.13092472966134047 3.9638694590500507
2.9666352705410826 2.4871984779992764 0.1305702253685847 3.969982163860914
2.976654308617235 2.4920516181833854 0.13021797455169637 3.976092559513726
2.986673346693387 2.4968997130985873 0.12986795567441142 3.982200623126409
2.9966923847695393 2.501742773275989 0.1295201475461187 3.988306326100839
3.0067114228456915 2.5065808112323884 0.12917452916251318 3.994409646275339
3.016730460921844 2.511413838787577 0.1288310798051544 4.000510559785549
3.0267494989979964 2.5162418678523464 0.12848977900658576 4.006609043455566
3.0367685370741486 2.5210649102729166 0.12815060655033633 4.012705074177702
3.046787575150301 2.5258829775080205 0.12781354250119892 4.018798628994047
3.056806613226453 2.5306960811154906 0.1274785671854 4.024889686538371
3.0668256513026053 2.535504232575263 0.12714566114621254 4.030978224574441
3.076844689378758 2.5403074434125616 0.12681480516688318 4.037064221620615
3.0868637274549102 2.5451057249600693 0.1264859802828584 4.043147656587865
3.0968827655310625 2.5498990883837442 0.12615916777507824 4.049228508767885
3.1069018036072147 2.5546875443674018 0.1258343492013429 4.055306757969447
3.116920841683367 2.559471103217048 0.12551150637468922 4.061382384217434
3.126939879759519 2.564249775250302 0.12519062132698452 4.067455368054304
3.136958917835672 2.569023570694967 0.12487167631055505 4.0735256902958925
3.146977955911824 2.5737924997565584 0.1245546537892319 4.079593332075479
3.1569969939879763 2.578556572618965 0.12423953643516684 4.085658274838812
3.1670160320641285 2.5833157994457934 0.12392630712564558 4.091720500339791
3.1770350701402807 2.5880701903817376 0.12361494893993392 4.0977799906349945
3.187054108216433 2.5928197555497876 0.12330544515662577 4.103836728080252
3.1970731462925857 2.5975645050578904 0.12299777925005712 4.109890695324557
3.207092184368738 2.602304449013722 0.12269193488596564 4.115941875302454
3.21711122244489 2.6070395976697665 0.12238789590402555 4.121990251197524
3.2271302605210423 2.6117699614406034 0.12208564631371306 4.128035806434349
3.2371492985971946 2.6164955505461522 0.12178517032789472 4.134078524755796
3.247168336673347 2.6212163752420605 0.12148645233669475 4.140118390166333
3.2571873747494995 2.6259324458915674 0.1211894769013581 4.146155387082735
3.2672064128256517 2.6306437726598424 0.12089422876832986 4.152189499723217
3.277225450901804 2.63535036580922 0.1206006928579541 4.158220713042372
3.287244488977956 2.640052235541599 0.12030885426397049 4.164249012097592
3.2972635270541084 2.6447493921078764 0.12001869824369742 4.170274382186844
3.3072825651302606 2.6494418457655873 0.11973021021988477 4.1762968088535795
3.3173016032064133 2.6541296067583295 0.11944337578041747 4.182316277888525
3.3273206412825655 2.65881268536544 0.11915818067118887 4.188332775314912
3.337339679358718 2.663491092081189 0.11887461078881717 4.194346287996915
3.34735871743487 2.6681648368087876 0.11859265220766635 4.200356801217329
3.3573777555110222 2.672833930001494 0.1183122911401297 4.206364302305853
3.3673967935871745 2.677498381928814 0.11803351395703574 4.212368778216114
3.377415831663327 2.682158202857657 0.11775630718008995 4.218370216126158
3.3874348697394794 2.6868134030577306 0.11748065747929282 4.224368603434117
3.3974539078156316 2.691463992671174 0.11720655168313152 4.23036392778246
3.407472945891784 2.696109981480746 0.11693397679796855 4.236356177102956
3.417491983967936 2.7007513793077025 0.11666291996837562 4.242345339529253
3.4275110220440883 2.7053881959793067 0.11639336847829436 4.248331403400836
3.437530060120241 2.710020441324609 0.1161253097495431 4.254314357261032
3.447549098196393 2.7146481250818044 0.11585873134846172 4.260294189873233
3.4575681362725454 2.7192712568314352 0.11559362099001018 4.266270890231403
3.4675871743486977 2.723889845936306 0.11532996654114008 4.272244447569127
3.47760621242485 2.7285039012706087 0.1150677560431678 4.278214851411051
3.487625250501002 2.7331134314284515 0.11480697769030097 4.284182091526143
3.497644288577155 2.7377184449839023 0.11454761980404213 4.290146157871431
3.507663326653307 2.7423189504927903 0.1142896708313313 4.296107040588997
3.5176823647294593 2.746914956467925 0.11403311934509022 4.302064730008401
3.5277014028056115 2.7515064713875352 0.11377795404178795 4.308019216642338
3.5377204408817637 2.7560935037154453 0.11352416373801393 4.313970491180077
3.547739478957916 2.7606760619177666 0.11327173736742732 4.319918544481711
3.5577585170340686 2.765254154576879 0.11302066396923244 4.325863367553278
3.567777555110221 2.769827790272742 0.1127709326972457 4.331804951568116
3.577796593186373 2.7743969775947033 0.11252253281738372 4.337743287862482
3.5878156312625253 2.7789617251348484 0.11227545370678908 4.343678367934442
3.5978346693386776 2.783522041749539 0.11202968482981769 4.349610183390745
3.60785370741483 2.788077936510883 0.11178521574124757 4.355538725954959
3.6178727454909825 2.7926294184622855 0.11154203610541102 4.361463987472262
3.6278917835671347 2.7971764966679604 0.11130013569359984 4.367385960060998
3.637910821643287 2.8017191802118444 0.1110595043782577 4.3733046358674
3.647929859719439 2.806257478375736 0.11082013211962403 4.379220007190735
3.6579488977955914 2.810791400467567 0.11058200897846035 4.385132066474582
3.6679679358717436 2.815320955790961 0.11034512511734099 4.3910408063106985
3.6779869739478963 2.8198461535936965 0.11010947080367035 4.396946219446755
3.6880060120240485 2.82436700296497 0.10987503641688037 4.402848298803583
3.6980250501002008 2.828883512883712 0.10964181244291597 4.408747037463594
3.708044088176353 2.8333956923043617 0.10940978946573589 4.414642428652278
3.7180631262525052 2.8379035501268364 0.10917895816855344 4.420534465742441
3.7280821643286575 2.842407095191773 0.10894930933293583 4.42642314225223
3.73810120240481 2.846906336408352 0.10872083382710715 4.432308451819935
3.7481202404809624 2.8514012831423954 0.10849352257331073 4.438190388130711
3.7581392785571146 2.8558919449312867 0.10826736657048783 4.444068944967962
3.768158316633267 2.860378331308682 0.10804235690760314 4.449944116245574
3.778177354709419 2.864860451820342 0.10781848475890987 4.455815895889159
3.7881963927855713 2.86933831593013 0.1075957414020351 4.461684278418137
3.798215430861724 2.8738119324832208 0.10737411823640446 4.467549257908312
3.808234468937876 2.8782813100906477 0.10715360677486653 4.473410829099372
3.8182535070140284 2.8827464572472845 0.10693419861755009 4.479268986618963
3.8282725450901807 2.887207382332011 0.10671588545739585 4.485123725310072
3.838291583166333 2.8916640936835716 0.10649865907384737 4.490975040257978
3.848310621242485 2.8961165995366116 0.10628251133117186 4.496822926520235
3.858329659318638 2.9005649080409177 0.10606743418012052 4.502667379332932
3.86834869739479 2.9050090269624804 0.10585341967905575 4.5085083941095645
3.8783677354709423 2.909448964022534 0.10564045996618877 4.514345966378984
3.8883867735470945 2.9138847269718475 0.10542854725285905 4.520180091770596
3.8984058116232467 2.918316323547806 0.10521767382597748 4.526010766020552
3.9084248496993994 2.922743761327843 0.10500783205835906 4.5318379849960815
3.9184438877755516 2.9271670478213223 0.10479901440060162 4.537661744677542
3.928462925851704 2.93158619055303 0.10459121337377544 4.543482041142388
3.938481963927856 2.9360011970397975 0.10438442157037005 4.549298870567938
3.9485010020040083 2.9404120747163827 0.10417863165904934 4.555112229242896
3.9585200400801606 2.9448188310028582 0.1039738363786406 4.56092211355415
3.9685390781563132 2.9492214733240405 0.10377002853584825 4.566728519982196
3.9785581162324655 2.9536200089796094 0.10356720101416352 4.572531445122133
3.9885771543086177 2.9580144451773904 0.10336534677044515 4.578330885676389
3.99859619238477 2.962404789141398 0.10316445882598695 4.584126838434897
4.008615230460923 2.9667910482370234 0.10296453025652284 4.589919300252679
4.018634268537075 2.9711732296984863 0.10276555421174782 4.595708268095164
4.0286533066132275 2.9755513405577667 0.10256752391962322 4.601493739048681
4.038672344689379 2.9799253878574206 0.1023704326698061 4.607275710282978
4.048691382765532 2.98429537826381 0.10217427384116297 4.613054179115479
4.058710420841685 2.9886613183147457 0.10197904088367912 4.618829143035884
4.068729458917836 2.993023214506425 0.1017847273068762 4.624600599418782
4.078748496993989 2.9973810734714377 0.10159132667289021 4.6303685458949335
4.088767535070141 3.0017349017752597 0.10139883260620373 4.6361329801250335
4.098786573146294 3.0060847053455366 0.1012072388345075 4.6418938999317465
4.108805611222445 3.0104304897053273 0.10101653917152476 4.647651303310212
4.118824649298598 3.014772260375938 0.10082672748628202 4.65340518831049
4.128843687374751 3.0191100229183285 0.10063779770003686 4.659155553056084
4.1388627254509025 3.0234437829338887 0.10044974378544586 4.6649023957315165
4.148881763527055 3.027773546089804 0.1002625597643265 4.670645714583063
4.158900801603207 3.0320993181207405 0.10007623970699786 4.6763855079165575
4.16891983967936 3.036421104797906 0.09989077773392709 4.68212177410124
4.178938877755512 3.040738912019743 0.09970616800887049 4.687854511554631
4.188957915831664 3.0450527458695555 0.09952240473441912 4.6935837187314915
4.198976953907817 3.049362612187426 0.09933948218136256 4.699309394195702
4.208995991983969 3.053668516707255 0.09915739467828144 4.70503153659153
4.219015030060121 3.0579704652409725 0.0989761365982589 4.710750144616668
4.229034068136273 3.0622684637389215 0.09879570235426706 4.7164652170110815
4.239053106212426 3.0665625181038525 0.0986160864114983 4.722176752586082
4.249072144288578 3.0708526342515112 0.09843728328264784 4.72788475021375
4.25909118236473 3.0751388181303128 0.09825928752606404 4.73358920882299
4.269110220440883 3.0794210755878746 0.09808209374860662 4.739290127040722
4.279129258517035 3.0836994294933575 0.09790569547227727 4.744987501968678
4.289148296593187 3.087973851684716 0.0977300896954606 4.750681337769839
4.29916733466934 3.0922443635084793 0.09755527011946515 4.756371631164786
4.309186372745492 3.0965109697006588 0.09738123161416874 4.762058381566327
4.319205410821644 3.1007753664608884 0.09720785651729891 4.767741326868066
4.329224448897796 3.105034176230408 0.09703536526287362 4.7734209903882086
4.339243486973949 3.109289095529488 0.09686363988498999 4.77909710933162
4.349262525050101 3.1135401297532996 0.0966926753831497 4.7847696832239395
4.359281563126253 3.1177872842747076 0.09652246680122943 4.790438711663991
4.369300601202406 3.122030564444949 0.09635300922606835 4.796104194282865
4.379319639278558 3.1262699756822463 0.09618429778210082 4.8017661307694075
4.3893386773547105 3.130505523454207 0.09601632763170774 4.807424520853582
4.399357715430862 3.1347372124052617 0.09584909403142286 4.813079364436646
4.409376753507015 3.138965046498019 0.09568259232168892 4.818730661577818
4.419395791583168 3.143209787450828 0.095515480229172 4.824375291220281
4.429414829659319 3.1474299303924917 0.09535043229628513 4.830019503421791
4.439433867735472 3.151646234562573 0.09518610221550529 4.83566016895474
4.449452905811624 3.155858704730585 0.09502248543103203 4.841297287945355
4.459471943887777 3.1600673457048067 0.09485957742238695 4.846930860560136
4.469490981963928 3.1642721623376175 0.09469737370370547 4.852560887003502
4.479510020040081 3.1684731594914033 0.09453586982561503 4.858187367526186
4.489529058116234 3.1726703421091007 0.09437506138210322 4.8638103032048
4.4995480961923855 3.1768637139634777 0.09421494402993419 4.869429692146602
4.509567134268538 3.1810532805180944 0.09405551342582924 4.875045537034831
4.51958617234469 3.1852390461216995 0.09389676528496392 4.880657837568468
4.529605210420843 3.189421015437196 0.0937386953496039 4.8862665942411025
4.539624248496995 3.193599193166848 0.0935812993942749 4.891871807581401
4.549643286573147 3.19777358405949 0.09342457322500912 4.897473478152061
4.5596623246493 3.2019441929235075 0.09326851267823831 4.903071606547476
4.569681362725452 3.2061526179251887 0.0931105561430274 4.908660187186921
4.579700400801604 3.2103157657724894 0.09295581687419924 4.914251236136832
4.589719438877756 3.214475140480724 0.09280173126648046 4.919838745700015
4.599738476953909 3.218661330003302 0.09264643202296621 4.925418334972409
4.609757515030061 3.2228131788168413 0.09249364696287178 4.93099877853973
4.619776553106213 3.2269612674516424 0.09234150362001337 4.93657568521331
4.629795591182366 3.23110559909473 0.0921899981545554 4.942149056079531
4.639814629258518 3.235284006982386 0.09203684980982765 4.947713528239038
4.64983366733467 3.2394208455019964 0.09188661486531673 4.953279843003916
4.659852705410823 3.2435539405436113 0.09173700618959009 4.958842624792273
4.669871743486975 3.2476832954475694 0.0915880200554965 4.9644018748039445
4.679890781563127 3.2518089134483863 0.09143965277154098 4.969957594295642
4.689909819639279 3.2559749342461615 0.09128928374244888 4.975503605673845
4.699928857715432 3.2600931042855916 0.09114215001278933 4.981052281279472
4.709947895791584 3.264207551427638 0.09099562394059732 4.986597429623987
4.719966933867736 3.268318278643285 0.09084970196609572 4.992139052124684
4.729985971943889 3.2724737531212296 0.09070154099738657 4.997670433498233
4.740005010020041 3.276577067454473 0.09055682394027599 5.00320502284557
4.7500240480961935 3.280676676373349 0.09041270010114734 5.008736089929916
4.760043086172345 3.2847725829488006 0.09026916602599615 5.014263636265677
4.770062124248498 3.288914721102249 0.09012332705622954 5.019780811791782
4.780081162324651 3.2930032509639973 0.08998096958608791 5.025301335528041
4.790100200400802 3.297088092500679 0.08983919136160434 5.030818342527908
4.800119238476955 3.301217338146829 0.08969522875495994 5.036325284000516
4.810138276553107 3.3052948294044904 0.08955460600192915 5.041835276016222
4.82015731462926 3.309368646470458 0.08941455221408083 5.047341755560505
4.830176352705411 3.313481520017215 0.08927263285775326 5.052838946579494
4.840195390781564 3.317548013153534 0.08913371333082744 5.058338418177209
4.850214428857717 3.3216443712686576 0.08899345608990591 5.063829870306823
4.8602334669338685 3.325703555613782 0.08885565616922225 5.069322337350456
4.870252505010021 3.3297876830794824 0.08871680022877954 5.074807471825468
4.880271543086173 3.3338543437821984 0.08857927773709565 5.08029096455608
4.890290581162326 3.3379213538988104 0.08844208267307034 5.085770434872845
4.900309619238478 3.341992562107729 0.08830499932458763 5.091245375310567
4.91032865731463 3.3460679986365705 0.08816802679655507 5.096715791500808
4.920347695390783 3.3501053698557257 0.08803351115485554 5.102187290460757
4.9303667334669345 3.3541816855288706 0.08789717493907748 5.107649674201385
4.940385771543087 3.358211823073653 0.08776372889320094 5.113114197602675
4.950404809619239 3.362289224003649 0.08762801244305166 5.118568543495645
4.960423847695392 3.3663121474727458 0.08749562483095806 5.124026100737766
4.970442885771544 3.370390491962132 0.08736053090094924 5.129472449248768
4.980461923847696 3.3744062208974905 0.08722919068688832 5.1349230497987755
4.990480961923849 3.3784183510000645 0.08709836564858427 5.14037016708005
5.000500000000001 3.3824936296247348 0.08696443401626433 5.145805132284959
5.010519038076153 3.386498592460308 0.08683463957754776 5.151245306314723
5.020538076152306 3.3904999679843915 0.0867053516122449 5.156682003165283
5.030557114228458 3.394571526530709 0.0865726007766027 5.162105707003338
5.04057615230461 3.3985657634945854 0.08644432678363562 5.167535473960907
5.050595190380762 3.4026360734832113 0.0863122916310785 5.1729515397196
5.060614228456915 3.406623189791128 0.08618502092679915 5.178374386280323
5.070633266533067 3.410606740938243 0.08605824243325595 5.183793765800306
5.080652304609219 3.4146706527358255 0.08592750260415245 5.189198973623681
5.090671342685372 3.4186471068813384 0.08580171121593891 5.194611446457747
5.100690380761524 3.422620005610855 0.08567640392190322 5.200020459039692
5.1107094188376765 3.426675539588723 0.08554704436790701 5.205415090819819
5.120728456913828 3.4306413640469797 0.08542270810005571 5.210817210284725
5.130747494989981 3.4346036436667085 0.08529884794081706 5.216215876340611
5.140766533066134 3.4386484483951367 0.08517097058828565 5.221600255468689
5.150785571142285 3.4426036783164795 0.08504806529013079 5.226992041408437
5.160804609218438 3.4466384365727527 0.08492131771581544 5.232369969001592
5.17082364729459 3.4505866324427625 0.08479935629734585 5.237754882907228
5.1808426853707426 3.4546083044920604 0.08467388337250135 5.243126744600048
5.190861723446895 3.458549480505689 0.08455285467907926 5.248504794423894
5.200880761523047 3.4625552986797272 0.08442878454974279 5.2538709365223095
5.2108997995992 3.4664894664144055 0.08430867734570435 5.25924212902081
5.2209188376753515 3.470476834221196 0.08418612699190549 5.2646028718112
5.230937875751504 3.4744464034375793 0.08406477041261073 5.2699619791224634
5.240956913827656 3.4783957104710566 0.08394472460730475 5.275319745950867
5.250975951903809 3.4823606158684792 0.08382416370220033 5.280671752886874
5.260994989979961 3.4863219741801004 0.08370406050513995 5.286020366643484
5.271014028056113 3.4902352110204826 0.08358665915392267 5.2913710474883
5.281033066132266 3.494207627692776 0.08346654612280856 5.296710653465627
5.2910521042084175 3.4981940637903044 0.08334600812629163 5.302044742600635
5.30107114228457 3.502096904102794 0.083229930671 5.307385207260208
5.311090180360723 3.506093864834416 0.08310941721175759 5.3127104118698965
5.321109218436875 3.5099897948138765 0.08299421068779154 5.318044078441205
5.331128256513027 3.513882259659762 0.08287943068035306 5.323374339674113
5.341147294589179 3.517886059696538 0.08275939417616003 5.32868734539093
5.351166332665332 3.521771644637364 0.08264547295402405 5.3340108268959145
5.361185370741484 3.5257846791123035 0.08252552727627781 5.33931517937538
5.371204408817636 3.5296634038302837 0.08241245742879953 5.344631894517964
5.381223446893789 3.5335386849609693 0.08229980265659019 5.3499452170057715
5.391242484969941 3.5375559612031506 0.08218045633924483 5.355237777681702
5.401261523046093 3.541424414258772 0.08206864072848229 5.3605443514282545
5.411280561122245 3.5452894374027566 0.08195723348347767 5.365847540202142
5.421299599198398 3.5491510313567427 0.0818462326093069 5.371147347101485
5.4313186372745506 3.553167212726795 0.08172799537298976 5.376425050580046
5.441337675350702 3.557022021395644 0.08161781695577808 5.381718130834381
5.451356713426855 3.5608734138610276 0.0815080384109781 5.387007837224994
5.461375751503007 3.564889189415101 0.08139060566390251 5.392274406950934
5.4713947895791595 3.568733824826608 0.08128163751776693 5.397557404087423
5.481413827655311 3.572575057934975 0.08117306282841766 5.402837035129766
5.491432865731464 3.57658688035918 0.08105659349722157 5.408092928541625
5.501451903807617 3.5804213836455636 0.08094881700199684 5.413365867047808
5.511470941883768 3.584252497707275 0.08084142771660338 5.418635447536197
5.521489979959921 3.588256262204081 0.08072610300569691 5.423881178691844
5.531509018036073 3.5920806701202967 0.08061949963562033 5.429144083021595
5.5415280561122255 3.5959017020480486 0.08051327734688103 5.434403637485343
5.551547094188378 3.599892779065586 0.08039929847062675 5.439639772120722
5.56156613226453 3.603707131237978 0.08029384940495506 5.444892665674785
5.571585170340683 3.607518121628148 0.08018877537273122 5.450142217496012
5.5816042084168345 3.6115298896938732 0.0800745687201056 5.455364936748027
5.591623246492987 3.615334238253713 0.07997025869311161 5.460607848822136
5.601642284569139 3.619135239257939 0.0798663177598216 5.465847427360655
5.611661322645292 3.622932892328581 0.07976274423360573 5.471083675769537
5.621680360721444 3.6269386386718967 0.07964978672812562 5.4762924445537955
5.631699398797596 3.6307296840675463 0.07954696222447191 5.481522076439111
5.641718436873749 3.6345173943321623 0.07944449940441706 5.4867483865913185
5.6517374749499005 3.63846213676217 0.07933505602917441 5.491953161743577
5.661756513026053 3.6422432446168456 0.07923332597257432 5.497172863568151
5.671775551102206 3.646118863786267 0.07912749557318245 5.502378179954457
5.681794589178358 3.6499289544427214 0.07902486770224397 5.507587253891787
5.69181362725451 3.6537680717103074 0.0789211339505455 5.512789388121819
5.701832665330662 3.6576212283693392 0.07881698100895955 5.517986292719437
5.711851703406815 3.661385864912381 0.07871703949438859 5.523189504060852
5.721870741482967 3.665266250715994 0.07861208713250165 5.528376065069105
5.731889779559119 3.6690243281747255 0.07851284871693391 5.533572700992044
5.741908817635272 3.6729304584297595 0.07840717509989997 5.5387491315083635
5.751927855711424 3.6766820054045004 0.078308635460833 5.543939208384686
5.761946893787576 3.68061319475099 0.0782022819232869 5.54910563012496
5.771965931863728 3.684358238210714 0.07810443674943898 5.554289164270378
5.781984969939881 3.6881000014013736 0.07800692826711904 5.559469417765082
5.7920040080160335 3.691986685753506 0.07790319572298986 5.564629979353078
5.802023046092185 3.6957219564379624 0.07780636826084364 5.569803702326675
5.812042084168338 3.699585386801085 0.07770408304303525 5.574959647802426
5.82206112224449 3.7034467640060558 0.07760210185527441 5.580112241812414
5.8320801603206425 3.707172345466046 0.07750628646146789 5.58527619890721
5.842099198396794 3.711025401107192 0.07740507980466446 5.590422535186753
5.852118236472947 3.7147445248029136 0.07730992688081535 5.59557998572014
5.8621372745491 3.718586123090751 0.07720962415471597 5.600720423771036
5.872156312625251 3.722298804256736 0.07711512665149893 5.605871381285246
5.882175350701404 3.726125560024104 0.07701586585525926 5.611006295987758
5.892194388777556 3.7299373585239772 0.07691745382924692 5.616139282211035
5.9022134268537085 3.7337315007041956 0.07682000185884326 5.621270629832405
5.912232464929861 3.737505594745669 0.07672360698536076 5.626400593447174
5.922251503006013 3.741256909681047 0.07662837993393815 5.631529462867248
5.932270541082166 3.745039532696974 0.07653199697231072 5.636651383241308
5.9422895791583175 3.7487855016476486 0.07643737090298106 5.641773711973538
5.95230861723447 3.752549568538544 0.07634215625195398 5.6468905346629406
5.962327655310622 3.756330071240495 0.07624642856927713 5.652002044960811
5.972346693386775 3.7601257812801805 0.07615024434844896 5.657108388741338
5.982365731462927 3.76380340966484 0.07605925075449356 5.662223869644824
5.992384769539079 3.7676096184390726 0.07596299349235702 5.667322027501144
6.002403807615232 3.7714270655736537 0.07586645496482698 5.6724154753536515
6.0124228456913835 3.7750952415437324 0.07577638693674199 5.6775213476248565
6.022441883767536 3.778917963350883 0.07568000006181679 5.682607211338279
6.032460921843689 3.782579848224507 0.07559053937047099 5.6877066892928365
6.042479959919841 3.7864048655520013 0.07549442856397547 5.692785308489233
6.052498997995993 3.7900604793571366 0.0754055699018991 5.6978784052187095
6.062518036072145 3.7938843982323442 0.07530987484517207 5.702950159649247
6.072537074148298 3.79753376051055 0.07522161267233177 5.708036887732028
6.08255611222445 3.801352727777582 0.0751264898308667 5.71310220151366
6.092575150300602 3.8049958574393687 0.07503881834900444 5.718182572993871
6.102594188376755 3.808805909538778 0.0749444262559257 5.72324187716411
6.112613226452907 3.8125641082794175 0.07485235342438126 5.728303170773307
6.122632264529059 3.816197933705103 0.07476555952759015 5.733374033701868
6.132651302605211 3.819828627226323 0.07467904832569269 5.7384417220335315
6.142670340681364 3.823685665511593 0.07458344699167795 5.7434822594309844
6.1526893787575165 3.827310198560277 0.07449751354084129 5.748543634083552
6.162708416833668 3.831120428231134 0.07440418194157276 5.7535821743929425
6.172727454909821 3.834738801393408 0.07431881775227932 5.758637242834708
6.182746492985973 3.838494100013528 0.07422806101208945 5.763674609376122
6.1927655310621255 3.842190477807163 0.07413985777498558 5.76871465117367
6.202784569138277 3.845860482158686 0.07405288027002746 5.773753975364094
6.21280360721443 3.8495518270530082 0.07396520250411281 5.778787642132416
6.222822645290583 3.8532679540492345 0.07387669165309221 5.783815311207058
6.232841683366734 3.85689976447044 0.07379172167598164 5.7888482426398244
6.242860721442887 3.8605893070588224 0.07370459545519452 5.793871784920091
6.252879759519039 3.8643312073799128 0.07361554195848376 5.798886521293644
6.2628987975951915 3.8680915264645823 0.07352592450069113 5.803895963597288
6.272917835671344 3.8716793423234335 0.07344332433487936 5.808919682043357
6.282936873747496 3.875451916905744 0.07335354868965606 5.813921059251349
6.292955911823649 3.8790336712742817 0.07327148579279626 5.818938542046688
6.3029749498998004 3.882814813710519 0.07318170058943227 5.8239322625604295
6.312993987975953 3.886390529948426 0.0731001708456363 5.828943529014903
6.323013026052105 3.890176366289791 0.07301052966921898 5.833930003641067
6.333032064128258 3.893746062488343 0.07292952880971959 5.838935064563843
6.34305110220441 3.897532211648479 0.07284020284619033 5.843914762305798
6.353070140280562 3.9010959061014896 0.07275972630683603 5.848913630672136
6.363089178356715 3.904656560993997 0.07267950301809704 5.853909396790042
6.3731082164328665 3.9084351332718112 0.07259094896569226 5.8588797575479
6.383127254509019 3.911989813146694 0.07251124268983371 5.863869349662432
6.393146292585172 3.915758700430373 0.07242338368821588 5.868833981241819
6.403165330661324 3.9193074202751617 0.07234418932652482 5.873817411296187
6.413184368737476 3.923061468719846 0.0722572178223448 5.878776841544787
6.423203406813628 3.92660423959721 0.07217853008683278 5.883754121211007
6.433222444889781 3.9303379319950915 0.0720926495916132 5.888708909252374
6.4432414829659335 3.933874763388003 0.07201446289404653 5.893680049377364
6.453260521042085 3.937582756269236 0.07192986723842407 5.898630726706956
6.463279559118238 3.941263668046392 0.07184645880890692 5.9035807933817
6.47329859719439 3.9449136908854987 0.07176437527688002 5.908530603897584
6.483317635270542 3.9485284583328726 0.07168377460981819 5.913480589571716
6.493336673346694 3.9521234884124747 0.07160406046609706 5.918429200482486
6.503355711422847 3.9557159216101603 0.07152458009159555 5.923374728778596
6.5133747494989995 3.9593233379966146 0.07144466965393519 5.928315447844841
6.523393787575151 3.9629625604950123 0.07136369919217192 5.933249700986153
6.533412825651304 3.9666307351378056 0.0712817830972863 5.938177787547186
6.543431863727456 3.970325704863696 0.07119900877617598 5.943099936723999
6.5534509018036085 3.9738302422417355 0.07112350618235849 5.948037547564292
6.563469939879761 3.9775464201132484 0.07104022454510246 5.952951021383557
6.573488977955913 3.9810451329959378 0.07096519477719114 5.957882575257159
6.583508016032066 3.98477847401201 0.07088156265718341 5.9627878018211256
6.593527054108217 3.988271389351408 0.0708070026624669 5.967713312880082
6.60354609218437 3.9917613624683805 0.07073266913568706 5.972635797685155
6.613565130260522 3.995454731285682 0.07065093789246937 5.977535106758368
6.6235841683366745 3.9989723427820643 0.07057583361183378 5.9824483046969545
6.633603206412827 4.002810160350627 0.07048906871900848 5.987327018842775
6.643622244488979 4.006264012225484 0.07041656929869025 5.992239874153003
6.653641282565132 4.009872093435886 0.07033852911766784 5.997134445483488
6.663660320641283 4.013465763209282 0.07026114889828755 6.002027157014378
6.673679358717436 4.017022942949259 0.07018523085987695 6.006920147205323
6.683698396793589 4.020593096722926 0.07010896519975435 6.011808620123007
6.693717434869741 4.0241744628673315 0.07003241854084569 6.0166927553667575
6.703736472945893 4.027856546758701 0.06995234657175901 6.021563922437329
6.713755511022045 4.031314986420937 0.06988051265626541 6.026453431220904
6.723774549098198 4.035032546753685 0.06979942715601048 6.031314724749884
6.7337935871743495 4.0384853118910335 0.06972803528108723 6.0361982792257285
6.743812625250502 4.042235345616086 0.06964605575346708 6.041050026601441
6.753831663326655 4.0456824664542355 0.06957510403595143 6.045927641987262
6.763850701402807 4.049126708224773 0.06950436284705724 6.050802273283463
6.773869739478959 4.052869802561034 0.06942303908870441 6.055645080437097
6.783888777555111 4.056308427944112 0.06935273221064017 6.060513799506864
6.793907815631264 4.059744187449687 0.06928263307771267 6.065379552462627
6.8039268537074165 4.063400525483703 0.06920479549165828 6.070221041360418
6.813945891783568 4.066964782040344 0.06913036114698752 6.075068116812045
6.823964929859721 4.070532405145089 0.06905592989249774 6.079911674266013
6.833983967935873 4.074071256208923 0.06898263810736681 6.084754771516064
6.844003006012025 4.077650770723622 0.06890803018313996 6.089590816505915
6.854022044088177 4.0810697381004015 0.06883919822849331 6.094438891027009
6.86404108216433 4.0846835285225325 0.06876362181046985 6.099265317207518
6.8740601202404825 4.088331603087205 0.06868697120864685 6.104085337353012
6.884079158316634 4.091742246791608 0.06861876265938083 6.108924617839048
6.894098196392787 4.095510065318109 0.06853817772668448 6.113727020219863
6.904117234468939 4.098915254616423 0.06847038219971588 6.118560453431059
6.914136272545091 4.102205929915378 0.06840667039576594 6.123401466064599
6.924155310621244 4.105847781775443 0.068330845223593 6.12820626672177
6.934174348697396 4.109533886504562 0.06825361674915094 6.133003782524621
6.944193386773549 4.113074450656427 0.06818155858756894 6.137811820829433
6.9542124248497 4.116465768914491 0.0681147689182422 6.1426306843235805
6.964231462925853 4.119854286768272 0.06804817193129033 6.147446635385092
6.974250501002005 4.123506011684922 0.06797261719789328 6.152234827850504
6.9842695390781575 4.126975105763278 0.06790346181910721 6.157036950120733
6.99428857715431 4.130551780203113 0.06783072613037022 6.161825900924483
7.004307615230462 4.133929370449666 0.06776491783019567 6.1666302659480765
7.014326653306615 4.137304174870124 0.06769929822055258 6.171431734856824
7.024345691382766 4.141135005425469 0.06761823569674276 6.176187694103584
7.034364729458919 4.1445488232800685 0.0675515038112041 6.180979288839505
7.044383767535072 4.1480759171736015 0.0674810254111642 6.185757251247555
7.054402805611224 4.15143990643941 0.06741618337903353 6.190547203285624
7.064421843687376 4.154972466008814 0.06734573308901784 6.195318431433843
7.074440881763528 4.158509655076444 0.06727523875479646 6.200086133770108
7.084459919839681 4.162047642288846 0.06720483007725797 6.204850668328058
7.0944789579158325 4.165400820499085 0.06714074613594755 6.209629144438499
7.104497995991985 4.168962833772706 0.06706974397809244 6.214385273821615
7.114517034068138 4.172310605892755 0.06700603172679083 6.219158027743938
7.12453607214429 4.175927493353933 0.06693341142832723 6.22390295169847
7.134555110220442 4.179269898467244 0.06687007048314343 6.228670000337771
7.144574148296594 4.182843532121978 0.06679911588642992 6.233412747801746
7.154593186372747 4.186370742212722 0.06672982001028474 6.238156688564505
7.1646122244488994 4.189844846153098 0.066662395467294 6.2429024235067265
7.174631262525051 4.193260034608525 0.06659702453763071 6.24765047175434
7.184650300601204 4.196733142104895 0.0665298344417619 6.252390157986995
7.194669338677356 4.200201339399922 0.0664629085177091 6.257127230881677
7.204688376753508 4.203720740860979 0.06639439784506647 6.261856583069911
7.21470741482966 4.207041831486123 0.06633251296278751 6.266600931855222
7.224726452905813 4.21060526951996 0.06626276000319485 6.271320179143544
7.2347454909819655 4.213921052249469 0.06620122985289248 6.276058881749103
7.244764529058117 4.217525082274196 0.06613035951987131 6.280768373268512
7.25478356713427 4.220835592554233 0.06606918304565322 6.285501443936793
7.264802605210422 4.22437485036506 0.06600063757661298 6.29021070974893
7.274821643286574 4.227882570926228 0.0659332268006334 6.294919890969546
7.284840681362727 4.231185200899804 0.06587257509331333 6.299644536226515
7.294859719438879 4.234686948386994 0.065805554096245 6.304348164739935
7.304878757515032 4.238180783986194 0.06573889247860465 6.309049495323664
7.314897795591183 4.241662255408494 0.06567273227895179 6.3137489305135635
7.324916833667336 4.244954437926585 0.06561277010110131 6.318462384104585
7.334935871743488 4.248416324373829 0.06554742965183726 6.323157549902835
7.3449549098196405 4.251856860787356 0.06548287253582455 6.327851630580675
7.354973947895793 4.255272665509558 0.0654192031592591 6.332544926281459
7.364992985971945 4.2587387030566 0.0653540197237338 6.337230720387004
7.375012024048098 4.262206520241876 0.0652888775131079 6.341913364143656
7.385031062124249 4.2654831392629236 0.06522992567542317 6.346610117088545
7.395050100200402 4.268757112350167 0.06517113438058134 6.351304092163697
7.405069138276555 4.272556065099634 0.06509574983746862 6.355948206332353
7.415088176352707 4.275824984625594 0.06503729874081798 6.360636655525985
7.425107214428859 4.279161447244146 0.06497678587244164 6.365316085367093
7.435126252505011 4.282623245336699 0.06491239715441802 6.36998137399445
7.445145290581164 4.286095847776009 0.06484776420307121 6.374642738859209
7.4551643286573155 4.2893544645203585 0.06478996200918564 6.379320149001618
7.465183366733468 4.2928309712347685 0.06472538871715121 6.38397523696022
7.475202404809621 4.296309177268819 0.06466085966851891 6.388627225156683
7.485221442885773 4.299560138370051 0.06460354061396965 6.393296392276913
7.495240480961925 4.303032414007395 0.06453937870954393 6.397942998958581
7.505259519038077 4.306496241873689 0.06447557678901313 6.402587413923325
7.51527855711423 4.309893763561407 0.0644139344383862 6.407234747453792
7.525297595190382 4.313348244033947 0.06435060982620357 6.4118741129380865
7.535316633266534 4.316586542422256 0.06429408554188999 6.416529601039262
7.545335671342687 4.319822249229529 0.06423771213879982 6.421182357106626
7.555354709418839 4.323397270202338 0.06417091802016926 6.425802301504488
7.565373747494991 4.326833013642649 0.06410852895622364 6.430431589465604
7.575392785571143 4.330135193842494 0.06405034558250804 6.435069687704107
7.585411823647296 4.3335012720245105 0.06399027387131435 6.439699244239222
7.5954308617234485 4.336899050819019 0.063929312370733 6.444323100280125
7.6054498997996 4.340360595278762 0.06386648349734686 6.448938459847729
7.615468937875753 4.343578781017382 0.0638111926181703 6.453572212259
7.625487975951905 4.347095985349244 0.06374683738162118 6.458176892457459
7.635507014028057 4.350309188215141 0.06369184870453615 6.462805240966247
7.64552605210421 4.353683749053491 0.0636320159692367 6.467416582047527
7.655545090180362 4.357126303076741 0.06357020103451735 6.472019097590162
7.665564128256515 4.360332039026875 0.06351565901125181 6.476639359299138
7.675583166332666 4.363779617800612 0.06345386020106022 6.481235655864826
7.685602204408819 4.367229411331499 0.06339208532178628 6.485828884813948
7.695621242484971 4.370427762476135 0.06333798769512791 6.490441088483
7.7056402805611235 4.373871685080694 0.06327655781129453 6.49502906908667
7.715659318637276 4.377306582133872 0.06321548930702375 6.499614967969573
7.725678356713428 4.38049758121232 0.06316183051014158 6.504219139417469
7.735697394789581 4.383915568676915 0.06310143333973676 6.50880076239986
7.745716432865732 4.387313380973738 0.06304172648189163 6.51338127333593
7.755735470941885 4.39049702960388 0.062988499846938 6.517977438498063
7.765754509018038 4.393866902488248 0.06292978376499492 6.522554635839871
7.7757735470941896 4.397207115130304 0.06287203186382301 6.527131538884731
7.785792585170342 4.400609744140134 0.06281250366182844 6.531700206021467
7.795811623246494 4.403938797867635 0.0627552422539192 6.536272369600415
7.805830661322647 4.407206599925372 0.06269987150552432 6.540846958145119
7.815849699398799 4.410508092313677 0.06264357543832745 6.545415794119318
7.825868737474951 4.413839789761808 0.06258646179754507 6.549979187466153
7.835887775551104 4.417198892337148 0.06252861750408309 6.554537391793962
7.845906813627256 4.420582003984488 0.062470146448820214 6.559090706618741
7.855925851703408 4.423984371967968 0.062411191697860836 6.5636395482252174
7.86594488977956 4.427141349996174 0.062359513474826905 6.568206590410381
7.875963927855713 4.430555279147922 0.06230037479401787 6.57274879539275
7.885982965931865 4.433707417687245 0.0622489689689463 6.577310579321245
7.896002004008017 4.437291799867583 0.06218501426358986 6.581832590113709
7.90602104208417 4.440439180142036 0.06213388466635611 6.586389131699924
7.916040080160322 4.443584097143871 0.06208288516284859 6.590943051505528
7.926059118236474 4.447112428125889 0.06202081529068661 6.595461456967251
7.936078156312627 4.450252599536221 0.061970086823278765 6.600010149504794
7.946097194388779 4.453846529632928 0.061906290150726406 6.604517401177735
7.9561162324649315 4.456981991808856 0.061855833057326344 6.6090608799844555
7.966135270541083 4.460115009516857 0.06180550347395955 6.61360175117536
7.976154308617236 4.463598949838594 0.0617451291236844 6.618110011726714
7.986173346693388 4.466727239224815 0.06169506435791219 6.6226456838672965
7.99619238476954 4.470140259691395 0.061636886512061714 6.627154409788311
8.006211422845691 4.47347467908111 0.0615810425005902 6.631667028822481
8.016230460921845 4.476721828922137 0.06152776874792222 6.636184261955552
8.026249498997997 4.47993139978059 0.06147563445084035 6.640701893331072
8.036268537074148 4.483174510344993 0.06142260727780039 6.6452139082558555
8.0462875751503 4.486502538076492 0.06136722975288425 6.64971597705366
8.056306613226454 4.489909342968287 0.061309688266999826 6.654208638308617
8.066325651302606 4.493018864161629 0.06126065931778499 6.6587236232093225
8.076344689378757 4.496427059461353 0.061203226529345345 6.663210659239561
8.086363727454911 4.499531910777483 0.061154450314741114 6.667720499697093
8.096382765531063 4.5039696783399705 0.061068117146477495 6.672115443959971
8.106401803607215 4.507200694083067 0.06101595157486229 6.676609212370537
8.116420841683368 4.510299024486657 0.06096758070620212 6.681111370577218
8.12643987975952 4.5128144164904365 0.06093563144788483 6.685659695743391
8.136458917835672 4.515907703181074 0.06088748278904396 6.690156726968384
8.146477955911823 4.518998605741424 0.06083945306432527 6.694651202683702
8.156496993987977 4.522087122577539 0.060791541972045754 6.699143126327033
8.166516032064129 4.525960952858624 0.06072176346031906 6.703566547428393
8.17653507014028 4.529045050445402 0.06067411136984538 6.708053385302447
8.186554108216434 4.532126780430537 0.060626576301549134 6.7125376787345195
8.196573146292586 4.535571026966026 0.06056902276137677 6.7169889457574365
8.206592184368738 4.538648179685128 0.06052173129112299 6.7214681640894
8.21661122244489 4.541981958596678 0.06046738464209749 6.725923238808028
8.226630260521043 4.545285201926786 0.06041395459952238 6.73037815919182
8.236649298597195 4.548769725038543 0.06035559199796237 6.734815278464951
8.246668336673347 4.55162087105785 0.06031476540926953 6.73930243937234
8.2566873747495 4.554963223429471 0.06026045576280281 6.743745959429078
8.266706412825652 4.558146457382709 0.060210589616574765 6.74820003907812
8.276725450901804 4.561395223833355 0.06015898513223247 6.752645977088715
8.286744488977956 4.5646160067215815 0.060108211386047265 6.757091561640089
8.29676352705411 4.5684017445873115 0.06004205811968407 6.7614876681626015
8.306782565130261 4.5712367759922685 0.06000195885279353 6.765959884270159
8.316801603206413 4.57428890554552 0.059955974157612675 6.770411391589532
8.326820641282566 4.577338702434731 0.05991010072863012 6.774860395928478
8.336839679358718 4.580386163795974 0.059864338317724836 6.779306898633258
8.34685871743487 4.583576515789136 0.05981474614106408 6.783738890506076
8.356877755511023 4.587269198126358 0.05975160697123988 6.78812669204307
8.366896793587175 4.590310038487488 0.059706196276895634 6.79256571381533
8.376915831663327 4.59390833118034 0.059645782225008305 6.796956047917452
8.386934869739479 4.596822307100696 0.05960390602474128 6.801400197314245
8.396953907815632 4.60004896108502 0.05955365047501508 6.805815887249691
8.406972945891784 4.6034968607170255 0.059497511532103704 6.8102107016453575
8.416991983967936 4.606601985124725 0.0594506484360233 6.814631102685739
8.42701102204409 4.60962943985621 0.05940591745439088 6.819055234159195
8.437030060120241 4.612654595584256 0.059361293283239885 6.823476892103594
8.447049098196393 4.615227417278253 0.059328799727279086 6.827933070847424
8.457068136272545 4.619338232416384 0.05925528924512623 6.8322602225637645
8.467087174348698 4.622605701110163 0.05920437279161791 6.836654055306138
8.47710621242485 4.625622075771083 0.05916019531932144 6.841065851820254
8.487125250501002 4.629035780556542 0.059105515557957206 6.845442437929836
8.497144288577156 4.632047770635501 0.05906155760234441 6.84984931904587
8.507163326653307 4.635474603887505 0.05900666610238593 6.854219603839776
8.517182364729459 4.638482231905372 0.05896292642384347 6.858621580156187
8.527201402805611 4.641487601775386 0.05891928971536244 6.863021106538623
8.537220440881764 4.644490712610743 0.05887575571786502 6.867418186077131
8.547239478957916 4.6479614636659585 0.05881996318114798 6.871774449243348
8.557258517034068 4.650960291807089 0.05877664479939474 6.876166639754708
8.567277555110222 4.6543169198914915 0.05872398575007994 6.880527026570346
8.577296593186373 4.657311399571026 0.05868087947268623 6.8849143475163785
8.587315631262525 4.660563257692004 0.05863108580952207 6.889278082958912
8.597334669338679 4.664716803096437 0.05855782481124087 6.8935659318906035
8.60735370741483 4.667705093967966 0.058515057075922076 6.897945899882557
8.617372745490982 4.670204620152737 0.05848504882998392 6.902363065842403
8.627391783567134 4.673188289548672 0.058442467067499455 6.9067382378103925
8.637410821643288 4.676162054691368 0.05840018363119877 6.911111627679039
8.64742985971944 4.679591542018473 0.058346131599244226 6.915445415822304
8.657448897795591 4.682873567262127 0.05829597039264689 6.919788620794917
8.667467935871745 4.685848647418479 0.0582538013770687 6.9241541461645415
8.677486973947897 4.68906590825412 0.05820542574891451 6.928497454292016
8.687506012024048 4.692281980082482 0.05815713928560034 6.9328382954472225
8.6975250501002 4.695974328337612 0.05809666622446141 6.937138030501371
8.707544088176354 4.698941141444289 0.05805491321295077 6.941493931822785
8.717563126252506 4.70209648192391 0.058008367135448845 6.945832015210479
8.727582164328657 4.705058860381009 0.05796681351299554 6.950183130948559
8.73760120240481 4.7080190439417136 0.05792535528774986 6.954531853294656
8.747620240480963 4.710977030240386 0.05788399226694408 6.958878185371024
8.757639278557114 4.7136677045471975 0.05784948355932842 6.963243525793347
8.767658316633266 4.717489068084925 0.05778621070297152 6.967515088917685
8.77767735470942 4.720440732298617 0.05774514560790752 6.971854266128422
8.787696392785572 4.723727525580905 0.05769561412641407 6.976163892227045
8.797715430861723 4.726821000963825 0.057651043835818344 6.980486555657573
8.807734468937877 4.729995010738318 0.0576044842824229 6.984800200432491
8.817753507014029 4.733135564947706 0.05755882417625042 6.989114006458459
8.82777254509018 4.735806371819876 0.05752506744327288 6.993463042910848
8.837791583166334 4.7392616486505945 0.05747156407365394 6.9977464883346725
8.847810621242486 4.7424888764643525 0.05742387295634012 7.002045750820581
8.857829659318638 4.745423726742801 0.05738358355086448 7.006365964053441
8.86784869739479 4.74868611503563 0.05733511538456406 7.010657372034397
8.877867735470943 4.751616776727933 0.05729501577932506 7.01497287027439
8.887886773547095 4.755016773333709 0.05724321467374696 7.0192482346428955
8.897905811623247 4.757943317071487 0.057203306751661666 7.023559027632456
8.9079248496994 4.760867706519976 0.057163488866854024 7.027867472885595
8.917943887775552 4.764586719247429 0.0571039204800086 7.03210982849906
8.927962925851704 4.767752554336959 0.057058198833724386 7.036393963859412
8.937981963927855 4.770670947682481 0.0570186721756393 7.040695376314083
8.948001002004009 4.773587206119858 0.05697923408274232 7.044994450841013
8.95802004008016 4.776501327002047 0.05693988438957375 7.04929118990338
8.968039078156313 4.778604987265643 0.05692061562379697 7.053650134146509
8.978058116232466 4.781514542276518 0.0568814230894244 7.05794221108382
8.988077154308618 4.784421916981164 0.05684231938703262 7.062231964884456
8.99809619238477 4.787515801330649 0.056798654609824466 7.06650434629513
9.008115230460923 4.792271405820889 0.056714172712041246 7.0706418398562
9.018134268537075 4.795173244564022 0.05667537471316151 7.074924618849878
9.028153306613227 4.798501884326041 0.056626149769869905 7.079170952211759
9.038172344689379 4.801399664847059 0.056587533375118904 7.083449097411936
9.048191382765532 4.804295331651285 0.0565490026800001 7.087724929478062
9.058210420841684 4.807615914034354 0.05650013409785315 7.091964521064523
9.068229458917836 4.810507538201859 0.05646178311670926 7.0962357358591746
9.07824849699399 4.813710663501293 0.05641588371286955 7.100479751095001
9.088267535070141 4.816785459173308 0.056373157660136564 7.104731497289731
9.098286573146293 4.8199940320603085 0.0563272306249443 7.108970179163852
9.108305611222445 4.822877590311018 0.05628923475143819 7.113232194518964
9.118324649298598 4.8260769746610706 0.05624362806635386 7.117466717240256
9.12834368737475 4.828956474870811 0.056205805959779136 7.121724137680173
9.138362725450902 4.832035653319605 0.05616319699323029 7.125963294851293
9.148381763527055 4.83523149210219 0.05611782211105855 7.130190782066064
9.158400801603207 4.838358314882279 0.05607416170067308 7.13442130027582
9.168419839679359 4.8414505528684355 0.05603138112242574 7.138652122536168
9.17843887775551 4.845501938217308 0.05596563812417537 7.1428047833398205
9.188457915831664 4.847406578109005 0.05595143365174663 7.1471245424683
9.198476953907816 4.8509936723615725 0.055896942947412785 7.151308990409914
9.208495991983968 4.853857412317159 0.05585981578299648 7.155548153815767
9.218515030060122 4.856719087016592 0.05582276937497236 7.159785042418619
9.228534068136273 4.859980782183915 0.05577622148528416 7.163987964505078
9.238553106212425 4.862838394955085 0.055739346475840494 7.168220326882334
9.248572144288579 4.865693949285187 0.05570255146701317 7.172450427648838
9.25859118236473 4.868547442726909 0.05566583632166892 7.176678269958809
9.268610220440882 4.871846731730754 0.05561858443427864 7.180868600256716
9.278629258517034 4.874863285352224 0.055578084410398514 7.185078789325573
9.288648296593188 4.877899935630746 0.05553715020000681 7.189284994365473
9.29866733466934 4.881001399503512 0.055494728227884364 7.193483704812921
9.308686372745491 4.883845088277654 0.0554584288638107 7.197700278868952
9.318705410821645 4.887096785869706 0.05541255443701358 7.201882398741856
9.328724448897797 4.889936597830812 0.05537641838984234 7.206094480143844
9.338743486973948 4.893263989916285 0.05532886556808088 7.210265895526427
9.3487625250501 4.896099894355279 0.05529289501973588 7.214473499163073
9.358781563126254 4.899276320903579 0.0552489817250794 7.218652006054619
9.368800601202405 4.902401318609168 0.05520632166013297 7.222832173622292
9.378819639278557 4.905231395458007 0.0551705940800234 7.227033075181142
9.38883867735471 4.908296599085979 0.05512941324711242 7.231213171256282
9.398857715430863 4.911296326637395 0.05508980042062576 7.2353960231841175
9.408876753507014 4.9144020620075715 0.05504776205155696 7.239568212419065
9.418895791583166 4.917399124146404 0.055008293039271676 7.243746543176906
9.42891482965932 4.920459753323538 0.05496738907956858 7.247917538579543
9.438933867735471 4.923278180200438 0.05493213701933831 7.252105104778059
9.448952905811623 4.9263941169997105 0.054890032224646806 7.256267052697437
9.458971943887777 4.929562138840708 0.05484677109932463 7.260422582442331
9.468990981963929 4.932374814602876 0.05481175513583773 7.264603508996682
9.47901002004008 4.935465098359814 0.05477037242518117 7.268760407732242
9.489029058116234 4.9385175071467335 0.0547299056033925 7.272917917430853
9.499048096192386 4.9415661009069 0.05468956866733821 7.277073381246768
9.509067134268538 4.944371103468211 0.05465486186112227 7.2812454922514895
9.51908617234469 4.947408608430279 0.05461485525264999 7.285397133309522
9.529105210420843 4.950493106411181 0.054573814650226725 7.289542777699207
9.539124248496995 4.9534350908934615 0.05453607443708397 7.293697188061043
9.549143286573146 4.9564137700180195 0.05449753217951266 7.297846405843341
9.5591623246493 4.9594889289379065 0.05445682872895712 7.301985785080579
9.569181362725452 4.962467259121552 0.054418372258340605 7.306130372101814
9.579200400801604 4.9654050077005945 0.05438087555407837 7.310275788104914
9.589219438877755 4.968477001942829 0.054340366611792396 7.314408444278242
9.599238476953909 4.971449105775172 0.05430216496456465 7.318546545615127
9.60925751503006 4.974443671220456 0.05426349175430323 7.322680583415858
9.619276553106213 4.977456020615284 0.05422445472508704 7.326810926111071
9.629295591182366 4.980480981366718 0.05418517223257527 7.3309379789888425
9.639314629258518 4.983261373270676 0.05415144446087336 7.335081698467713
9.64933366733467 4.986291935463667 0.05411210836742461 7.339203696876
9.659352705410821 4.989324468444758 0.05407276821477866 7.343323240373876
9.669371743486975 4.992395127863816 0.054032612108798554 7.347437529742345
9.679390781563127 4.995168037057676 0.05399917729418742 7.351572592490071
9.689409819639279 4.998317002814189 0.05395734308481929 7.35567622155707
9.699428857715432 5.001326107018468 0.053918685006203754 7.3597883939368005
9.709447895791584 5.004093436472079 0.05388546767207933 7.363916988196532
9.719466933867736 5.007240633405101 0.05384379853719044 7.36801389150808
9.72948597194389 5.010150230359732 0.053807471047302116 7.372126893770977
9.739505010020041 5.013076033914002 0.053770815780827326 7.376236355354588
9.749524048096193 5.016147220367934 0.053730962895300105 7.3803322957904784
9.759543086172345 5.018905285792095 0.05369810296254212 7.3844501558794535
9.769562124248498 5.022048561794102 0.05365672700441689 7.388535973625043
9.77958116232465 5.024802934322169 0.053624008154672186 7.392649556213372
9.789600200400802 5.02803560905566 0.053580736632787423 7.3967239350749665
9.799619238476955 5.030786339767729 0.053548159438087266 7.400833247468138
9.809638276553107 5.033535154793885 0.05351564874840949 7.404940432076112
9.819657314629259 5.0368773628245185 0.05347008997473861 7.408999577988573
9.82967635270541 5.039622579476745 0.05343772188783518 7.413102505631627
9.839695390781564 5.0427344656771345 0.053397321229070815 7.4171749049482045
9.849714428857716 5.0454760317842 0.05336509042479673 7.42127358609946
9.859733466933868 5.048682831054638 0.05332268740498861 7.425334169893727
9.869752505010021 5.051660853309946 0.05328534079107309 7.429410128832561
9.879771543086173 5.0543969938572495 0.053253317452370004 7.433502456577177
9.889790581162325 5.057131239563334 0.05322135890544538 7.4375926748925005
9.899809619238477 5.060292270761831 0.05318011721311024 7.441647805073399
9.90982865731463 5.063160839558671 0.0531452907991837 7.445723195467697
9.919847695390782 5.066153684701656 0.05310779179166858 7.4497867878963335
9.929866733466934 5.068930969497845 0.05307501202095724 7.45386471337596
9.939885771543088 5.071656129920526 0.05304338863954287 7.457944398481978
9.94990480961924 5.075105864804095 0.05299608809936517 7.461966201767139
9.959923847695391 5.077897213288449 0.05296309601175946 7.466036327476728
9.969942885771545 5.080868968177206 0.05292623136610878 7.470090382987853
9.979961923847696 5.083587035576131 0.052894877903496965 7.474161684349611
9.989980961923848 5.0865712280285305 0.052857809501920504 7.478210334683557
10.0 5.089563937672254 0.052820594100425874 7.482256113758415
